,0,1,2,3,4,5,6,7,8,9,10,11,12,13,14,15,16,17,18,19,20,21,22,23,24,25,26,27,28,29,30,31,32,33,34,35,36,37,38,39,40,41,42,43,44,45,46,47,48,49,50,51,52,53,54,55,56,57,58,59,60,61,62,63,64,65,66,67,68,69,70,71,72,73,74,75,76,77,78,79,80,81,82,83,84,85,86,87,88,89,90,91,92,93,94,95,96,97,98,99,100,101,102,103,104,105,106,107,108,109,110,111,112,113,114,115
0,0.0,256689922.17834195,676822417.8798552,1050212623.773707,1332890721.6715283,1118915892.9334662,1209170409.3783886,395128328.8158431,1970044575.8932397,1479490742.9336274,1047691698.1295093,944440907.7593222,1513775520.648592,1530190553.6243804,1169505831.3420477,1082262355.215086,1107285449.9394288,206215076.22704047,368944949.2978186,1554042868.3405144,393542606.7005984,1116015169.6482465,2253442985.690223,294198354.6549736,729351721.3190277,1053397357.2185203,1664946408.893671,884218468.9650788,1926761347.4179544,1125927002.4054403,275619574.8645259,1182872227.9165344,690727748.032309,247266025.55213806,850155303.7230988,1475585921.9894805,676319105.438819,1135563024.4087083,654461366.154189,1990515167.7306092,1527379848.6051977,987087335.3261311,1307215470.9818656,326471620.0988487,1511750773.4329486,1448700891.4158835,1219834828.6372921,329432373.02051693,781097123.8121068,834699355.4065232,3423046618.77341,229208140.20169201,1162066564.591146,323789046.9112764,3240228731.554166,395523035.5169698,1725877055.9526696,313519343.00983727,672150184.8534367,354519576.55058867,1682185797.1072068,1512472083.126873,1438959246.5322244,652435336.491961,1390802301.0450978,593927490.5716416,2137679454.8117971,689029299.2700986,1903500908.5930207,603080828.2064555,766972637.8098662,779584844.2389718,461646810.84172297,590076155.2115637,430437053.0080051,384741424.7203886,536400325.22357506,269899254.2724116,549801275.0044318,1075270731.871212,651367003.0344467,965895884.3331002,382846632.74106807,438538402.1112011,455415168.6282034,532121338.6698533,1817723925.7397535,1892615944.3431377,420801814.32113993,1181606404.5526657,1331078419.7503488,330151756.5773569,597045394.0533942,504107545.9419153,606255912.7634517,1349614304.6140935,1606157875.7609613,422758668.1465162,1748960771.7034028,2280825626.995922,879122677.8110563,442886292.1252743,637908618.3164638,282480868.61288124,975490195.8953017,869238691.0291526,198056846.12889603,512073927.6563556,809882777.3108723,1416437365.0335464,2076484828.1035252,389475430.76970416,2212720150.1478887,1753121436.9072137,682919238.4210564,491404470.7380649
1,256689922.17834195,0.0,792700587.628074,984559848.9033668,1401381459.0068288,1115600444.4569478,1233715355.0224993,459906274.6109106,2029704008.0180528,1486669440.6974492,1086442995.6261628,969018656.571828,1485280027.29573,1542215812.7354233,1180322039.2195241,1145859373.601848,1098829676.6831641,303570494.31473583,312723610.5643293,1580649848.9428349,410283056.632956,1153841355.4137905,2257326115.1592607,337366309.8564845,743092928.2926685,1077684758.9431195,1676775033.275989,856231447.4466887,1927509668.5541787,1056923474.5240589,304392522.6879128,1134788909.0165465,701571895.4047394,145466099.60159776,975637730.6195465,1505792256.5331507,708555128.7104344,1091102883.3026683,707879566.5542701,1989754921.0575233,1545215014.6268268,1040004405.0358591,1391589927.6846502,324498416.7630825,1502992225.8603952,1505821515.055534,1251799460.8292546,428280017.7566111,822997634.099146,854280422.8825511,3486114757.124141,189155105.4943095,1199806657.7038336,324454540.9534639,3190335302.596642,363796109.1583816,1802742708.516516,425720005.1046061,728529980.7437786,394666756.9228506,1645227655.6011298,1697000223.9884431,1471687534.5957086,846972816.4747182,1402432249.593168,609596387.3149455,2074345227.7171583,808845490.6728282,1924268507.0496385,476429676.80796206,814412415.0310947,823894122.8826643,580956976.8345447,687344823.6216022,439279246.8621904,545898171.7331582,559175541.1501443,269779975.5365961,603532479.7427983,1118255486.551778,710080612.6943187,1007824439.9013114,573753164.9922552,660325478.8227508,515988548.9487014,536709659.24426126,1811062050.7554257,1847678845.0189521,544766870.3922281,1193808552.0224543,1345913886.1923027,242019652.61395374,672350425.9361551,554530889.62932,721655798.970357,1299504181.3655946,1586287177.4312644,355119121.1139995,1805332511.4780617,2192196278.5446978,964795302.936399,490477853.45079505,748261389.7087128,169650625.2821766,1004576057.6569543,1000053900.6777637,205737972.10910773,565879316.169175,818768569.0453118,1468839707.730997,2048933563.2285237,329440627.4779407,2167638082.6592546,1729044134.9290314,788736236.0874491,514419428.5562779
2,676822417.8798552,792700587.628074,0.0,835190975.9246871,1138060951.0754943,707775939.4265307,897590836.1692685,466454070.6207327,1822070997.1468236,1327745855.8399959,904370931.0757782,730677520.1633003,1103618538.885892,1091323003.4546652,1030715134.2735839,983406729.7407587,767925147.1207241,607532762.9752314,753089708.8134677,1091775423.7608504,640017974.4209,880553339.9366965,1971815089.6523206,633055179.6004769,526411530.2801891,636055748.547718,1367082721.5155578,1004691280.8926029,1422804950.30053,904435896.2637854,657058666.8735574,933816914.2034111,898657227.8276528,744841147.4928124,822846179.9036644,1183824155.2072666,525116927.7960367,810683963.7106202,555355747.2528456,1874715063.0484304,1109987981.9962156,801672698.6217433,1260463230.7095797,654439606.361648,1250063330.8004081,1099170735.0006616,959472637.3698207,486482107.905329,541416194.8407905,700885139.6556721,3076674195.5740285,723169215.1981498,994547969.1966958,692116458.7394544,2950485142.8481426,721836287.4646044,1483850373.3785415,580058219.1224806,716418144.7143471,655351098.7850268,1191667827.235346,1108848008.9378889,1170194475.4302783,591291513.5674013,988585992.3124565,672494392.655958,1802028023.9207644,644690408.5740573,1595763533.092792,761387354.5425291,630132053.4839875,729512864.0033726,533160213.47368807,550953850.5689614,609074231.9522434,510381954.49484986,746125487.5008193,750937296.636542,633261251.2505182,1086684462.357919,769277948.0287559,674783818.0701284,486194382.7257297,509640748.09631354,598258744.9784532,686636898.9930841,1410148697.1838577,1645052765.725451,503558402.4748167,918755430.5602087,1069969473.9536191,780011770.3378165,597906374.3349715,616944225.4002277,500331618.4615525,1015662312.5211006,1453808841.925528,818855666.5242208,1574981030.406371,1951142483.2580914,856484366.304753,642746388.2723194,603043939.7438465,800286349.0870131,835210997.5906206,912614082.9185599,694137219.0236773,676028980.8075418,565827693.1644857,1027002728.6588305,1637520414.6600513,748682993.4205784,1946333599.947116,1585056983.46444,796540701.0267675,716026419.7677158
3,1050212623.773707,984559848.9033668,835190975.9246871,0.0,804779497.5502157,632300137.5211414,671395842.7238331,997963421.8770636,1068318712.1160332,999933081.0938551,908396948.0558641,722254325.1442076,818881143.2837142,892490821.5069461,798254712.8144283,672532851.9595985,746500633.1070671,861438558.9422797,1221226367.8494542,761214452.5568707,816267850.6051605,770731776.0762228,1258500885.8386579,953475268.1299826,742425315.9084768,813481925.2983081,1117689081.5690534,516677025.24195206,1062745787.7214922,815963600.5251867,916533422.3644537,753371815.2665136,907854578.8578987,908868548.4773724,1009734581.1586578,722387162.6039047,523550740.5431887,518744155.6408564,684732866.2053761,1204226483.2877038,785519576.5596343,511487295.2897856,968535975.0298301,763220876.030224,831219348.503989,699379471.4607978,694538062.53773,750968944.4116203,519057858.61396134,355070767.17234343,2662785998.5619764,1121273115.01061,829700836.0029744,928031140.0958979,2122038230.567829,710555994.5878056,1022090947.3713375,986060845.9060194,696833211.0382811,769753194.2610673,924602938.9765108,1282189065.342808,806624919.5964481,1106381668.5897572,738716777.7048696,724953524.9166414,1064428538.7052445,991391689.4305788,1251896597.8105035,1217283630.026287,645761601.1496744,789639112.5973283,929180538.1961495,883794897.5328149,844222298.8016682,1167986134.3533244,1162866584.0465276,1205145910.2348776,694013173.6569111,948310384.4610369,537262468.1946564,400696896.649543,1029858450.2044549,813513495.1274048,719298268.6316197,965623739.5031204,1019711480.1072613,823117356.6945294,765219914.8431928,504647211.7603978,560669674.2648023,1054339225.6301411,857420995.777446,761085006.8251776,864859021.8865885,610384403.5763702,654416030.1018355,1292076945.0954413,928454999.9656082,1254825755.1493568,982739609.707753,744477615.3124715,1242212153.2325525,1061158331.55267,582578756.0612535,1080497685.9702294,1140024619.2973938,736269075.2316474,841486379.7806692,922535808.9470284,1321350835.4593716,1229323082.9398928,1148789302.5720532,893306853.1119875,1362592345.619028,721331716.9126897
4,1332890721.6715283,1401381459.0068288,1138060951.0754943,804779497.5502157,0.0,772898242.2205827,593331755.1780452,1255943430.0285425,836367458.1319867,718069938.1411914,493931386.85029584,686355982.8867762,754535895.421408,1233334780.2536845,580639025.4233074,637082000.1082872,545144657.5380452,1082850877.0937753,1640792801.1010685,800829163.0650368,1195643358.9599962,881222377.6249009,970665265.9082645,1383897412.6474853,1023312964.8860623,698783730.7703062,686942575.2191961,709621596.9029965,1039236120.5720426,728001524.1559336,1318135903.967528,732929464.2805489,1485909626.1592808,1321141770.7728727,623535119.665789,1071168572.838635,910039049.4958265,881070316.5648003,906403819.7348166,781598013.1113966,641594236.3315114,746112228.9513843,181292836.9171529,988923292.0573343,320185711.1227245,370294367.1246247,643848350.2817594,1215474967.597864,800736050.9077175,723846193.6528864,2407146930.41508,1540082016.9212623,604127502.7083757,1356548005.065984,1960940447.0982628,1092768466.149235,636167903.0449846,1294949336.2733777,925759278.7987709,1130428963.26679,1203020323.9266777,1311711815.4758642,382173878.82577723,953163457.1370696,530126935.3333388,1067361314.3583797,830963625.074196,951582843.6133753,1139148854.2658715,1423100354.5347135,838172770.3277333,822638455.2219522,1151172550.5529208,1056857943.3421636,1193168129.582892,1353849579.3139496,1213433404.656992,1673626390.3518085,1024844578.572,437924130.8961135,827442080.6400098,761732199.186729,1149409206.783278,972472722.6237243,1068538226.8881681,1392529950.67433,1171108257.0384145,706648954.6567305,1135827220.2998219,948566005.1099629,1059701347.4110273,1313062406.3101246,1050172179.910306,1072020744.6643571,1055316627.992265,943265585.7239677,716523829.909692,1843521585.8489873,679759860.9220482,976470316.6364224,604730480.7636603,1048892615.596056,1225623738.3570316,1420350792.959641,801734274.5509459,860980152.2254851,1541861888.339956,1049695085.3534002,832933693.3784943,626567507.222504,1111307305.9781368,1699563814.8395724,962554444.7856377,488440320.68541646,1260590938.402729,1115911458.4510002
5,1118915892.9334662,1115600444.4569478,707775939.4265307,632300137.5211414,772898242.2205827,0.0,440793533.6758278,824691171.2163744,1365196052.6565516,919599743.8472762,566315331.805366,326432081.50984496,667522641.2669512,756657447.2697995,455160871.0266404,565600819.436209,301099064.67887455,1001271599.8455296,1344773858.6332958,663140743.4853039,860526108.7369276,621413430.6444691,1536219953.2661357,1036978519.1776034,508653926.32099265,444162007.57306206,854500242.2151935,885545938.926458,913145323.164852,410187144.2434376,1021030979.9199446,429174783.5495578,1031436305.6173179,1042523583.1399653,649395415.7254345,933755383.462274,504537585.0381689,486196515.3235845,505678832.67174846,1413779909.5147297,600331321.7097685,479205239.9353382,869892470.2010449,885114961.9330271,813776889.4043882,604777655.1889561,531009038.4011874,880532841.7420067,423362198.1493573,467967547.0447206,2533474867.77664,1231648378.687408,558561311.9530599,1020364765.5501486,2472674384.0686774,837235647.1813223,1065978000.3410424,883874230.8166814,458874129.38650626,821762841.8883141,769255379.9790212,1275950483.8592577,764127073.1663308,670551305.5079348,449979410.59704274,697882264.9344336,1369019092.8610468,557251464.5913641,1190968047.0346906,875520718.6266631,424273578.4749586,370944820.58721584,738459825.5222914,547989710.9642001,765478612.8239119,948116705.4239391,1002369772.0604961,1330931182.860222,573616624.9016463,627958546.9529977,577573410.1815434,405970993.26406085,740108851.4781996,732423765.8694043,682246682.0165918,798464144.2233088,1007283513.1903174,1168719248.3107336,733459030.0595847,682432681.6981453,757597653.0445342,1076236725.5766847,604713684.999749,679870355.8566856,604695872.9681988,616173347.4445305,983132867.0947893,1418119804.5538595,1105443115.067725,1464948720.731873,638716648.500662,805393496.8700107,871318012.9778758,1191628951.0841668,378490856.50123703,742270967.081155,1200364744.0489166,650617491.0146102,420464543.1963071,712822670.037313,1159589258.9464662,1323447465.6595726,1482552279.987706,1147421331.244531,851260453.488381,775745034.7940245
6,1209170409.3783886,1233715355.0224993,897590836.1692685,671395842.7238331,593331755.1780452,440793533.6758278,0.0,1004020996.5969328,1089920020.887993,1127776479.366822,439452431.85856646,273024318.8641387,453398656.98840326,808134574.0825037,567376127.8899301,271919662.1659812,387998847.4808259,1086971812.8798347,1379325861.8821452,393806471.31072724,993761383.6504755,672195224.0554222,1245837035.7583022,1188136700.8458698,720776279.5244544,719180390.933877,580122455.6285315,635971011.4912559,745512433.0712287,446708876.66170347,1144995973.813212,411927469.1232995,1010738659.1621383,1164143525.6512268,671667524.283607,626354704.4679201,778700369.9047345,458231656.9794666,665893715.6131612,1060035356.7072664,430869380.401526,295963555.38720244,674582476.8673309,960399128.7789563,640710034.7078546,466827322.3070989,155147536.91380042,1045036119.3625691,624111925.7796525,593771913.0935532,2448987698.1216917,1314240274.023168,692791091.9464887,1181441202.365835,2171601475.1268682,980592497.5451082,793896281.8370816,1070738038.6150758,594160829.2822746,957321233.0854003,788827535.6245632,1416727721.231897,544000474.0529394,836623189.4409046,285877550.7871136,800659299.5469494,1119897172.4847715,651402126.875146,870050706.9355506,1114813142.7602172,580419273.5111008,520723783.6340252,867684729.7523258,764601637.1787907,949633961.7094619,986242426.1825038,1117667035.6135638,1414925069.5209196,741187194.6343671,563581757.1694485,630468559.2007911,414622914.0552636,865640405.365628,852826867.7320553,835201913.2648411,1056347592.4300762,731985483.4175763,949324943.322881,924130069.6789992,437233003.1655326,780952439.5135677,1113345551.6649048,706903194.6627027,818651589.247768,741443166.1344827,416677193.2011344,796133007.438621,1534252680.1822531,1014061009.1510931,1254041917.3719077,714665880.5706594,941638578.7016869,1107060801.1923277,1276007705.463213,364703660.62715364,840918106.2080497,1313537349.6080542,823758358.2848958,505800366.01460326,637444776.5654969,919234675.6142353,1402007787.5704122,1189083046.2292802,829792310.4913282,1086388550.2446866,908030946.5431118
7,395128328.8158431,459906274.6109106,466454070.6207327,997963421.8770636,1255943430.0285425,824691171.2163744,1004020996.5969328,0.0,1951630814.1374643,1276135550.2265453,895578878.2121266,737048451.6160865,1313486773.520095,1223911806.454375,955799492.2855619,914461172.634114,868186208.8005222,483280924.48711556,601983008.7948235,1288276573.591232,447226751.33857954,1145285209.7159812,2062984145.839066,443827619.9244836,440816605.4691466,780960624.7290251,1448000944.9168754,1010113890.4716343,1617157866.5900366,926770153.3827041,452491953.1871957,925202041.2638474,746577685.1399173,412115941.88460374,856943358.8674777,1303731052.5062425,540487889.0381988,973649586.9588224,430205962.92275876,1839256820.6496913,1245154377.1909344,791629231.693138,1255443210.7789767,531658588.84831136,1291038153.1374617,1265794389.6308036,972441434.6843379,431575590.708786,569776436.8949273,783954216.8921701,3243661949.250814,483675248.77892107,1223535891.4647095,421145179.1345036,2989901290.169378,536466658.5723407,1721789325.2960103,328991385.2352383,560976054.6584793,438158522.68543196,1335028066.2650268,1340624057.1563048,1387868714.1500847,571209755.8171874,1101446442.6186488,513314712.1109985,1952242322.1728866,700642925.3125788,1824884966.700341,386947375.3615019,562718896.6687737,607389722.2119222,424799649.9389978,395942746.4470121,409430796.37775135,444814412.66010857,625934545.647845,540466024.5354695,451955383.1983174,1034561442.1030895,665722512.2535836,757934198.7564017,339681343.684537,507986498.6878794,383954465.62225115,352951671.6697144,1551922940.1962104,1754371744.6188455,297232507.31074643,1057765984.4673959,1155893448.1975715,475701933.51258224,480745476.1858785,440325494.67628014,388425110.87243026,1138894285.1795,1444606447.9927034,670043102.0931481,1742995861.8470519,2080997788.0262995,880380451.2140995,516941884.7034656,473540539.2260539,500589133.87835157,702639042.6831257,958454546.4289856,440851478.5558024,482120777.22255796,640255520.9233111,1222327355.8796873,1827898642.3061874,644505268.3665622,2125686319.173795,1620805059.0967197,676084261.5993345,568576585.9447962
8,1970044575.8932397,2029704008.0180528,1822070997.1468236,1068318712.1160332,836367458.1319867,1365196052.6565516,1089920020.887993,1951630814.1374643,0.0,1128546222.560899,1257158261.0739598,1324834030.3398829,833973829.1370195,1432884744.923464,1269449003.804704,1133767862.4778209,1200023011.3361852,1685550515.7655528,2326448671.298033,986073861.7670809,1828665883.2689857,1128055787.9281466,552836047.6771269,2061006151.7345676,1730990721.6647317,1396600605.338068,871334272.2922754,979871674.2273319,1015642248.7956375,1366224407.3649106,1973236531.9779587,1308306651.3366203,1903526061.1617162,1935065555.2938416,1409514768.790014,1081490234.5710857,1448432224.2882466,1110870135.3750992,1553136854.2891846,596875021.8551528,1037353809.264768,1121820999.783,913223954.38689,1567535740.3251858,798154927.6280386,873932689.8395385,1103018787.915904,1778586151.031373,1336665622.6221914,1160179691.0933878,2346184835.7189407,2182910074.100176,1078081786.0751553,2006316513.8588247,1350665577.3879194,1707355167.9154882,720526722.4030135,1964650279.7928135,1488618400.122289,1700951493.900636,1284903747.9013665,1707796338.796722,738884225.2438297,1758004098.381,1135088119.1348817,1676904274.1646059,482048718.20479935,1660305078.082034,825349048.711594,2162709612.337908,1442450176.7665224,1427227853.9096763,1836690336.105612,1737193239.38875,1818585455.496866,1987530355.1067388,1884987888.4606864,2340833940.7084513,1571965669.205659,1211560221.5533278,1304663392.2384968,1180765163.4770467,1873972364.3143358,1563753286.208642,1647842549.042637,2022158904.0696986,924848783.9901537,576195342.9535818,1725734179.0571594,1030939203.4714904,1047451555.3722718,1973184563.2435236,1687692498.3349154,1646995801.6744742,1765365849.7950704,1082087814.1503847,943756284.2785395,2553477757.2899175,374099026.7546179,519378342.25349265,1306868814.9675605,1684794513.6040266,2040066080.8687904,2082768161.8890743,1198889068.9184074,1549669824.74319,2188323470.4261537,1664223523.7142546,1517226079.859635,1078104441.933335,1011193725.9845672,2391240233.8365436,423699020.51955503,601337918.4404118,1927033521.4881222,1727301250.6752527
9,1479490742.9336274,1486669440.6974492,1327745855.8399959,999933081.0938551,718069938.1411914,919599743.8472762,1127776479.366822,1276135550.2265453,1128546222.560899,0.0,939951670.0056803,957090165.1653525,1376641485.1363707,1492980168.2537713,812126628.2870469,1125036889.1350496,839571866.5869799,1231095901.7726157,1842606067.4974833,1472459419.93977,1348014168.5094411,1154085811.314545,1156131162.2822516,1592368131.3562157,1122016672.4162128,843149605.4849724,1284886284.3116977,809514189.1137372,1648506340.8934934,1033123238.7481592,1535275607.180131,971153641.088511,1588304055.1806324,1344351864.068528,979777606.3303679,1710209104.3967257,985548245.5917042,1139040585.1006305,1019971067.762412,938256012.6762716,1239691756.6639178,953274946.4406779,648668778.9747139,1039681536.7091928,835041984.975815,983986776.2922864,1190770559.027859,1388700798.3261113,936618147.2361331,810658996.1610019,2899142653.759361,1701024901.6690881,911285908.264646,1538067705.539265,1990006118.3942826,1225421117.6909332,1312705164.6198478,1444055267.1504135,1006367014.5099028,1225994149.5902553,1486153309.0835254,1594518779.6517498,1059858501.5813478,1051940068.687551,1127590047.020615,1198589128.2596815,1056888945.9632694,1104709473.2065144,1770234831.5586953,1454906143.182128,924931461.0998924,895760230.6588501,1303162672.381287,1094393620.3583024,1317668387.3172452,1505027036.126698,1409318418.3563914,1809374856.3641908,1078729040.0391378,850611225.3409144,934341426.5790217,966577220.5394279,1249899692.622905,1059719109.7930019,1119522817.2693317,1303542012.613327,1832553873.4620745,818972792.8967125,1187853303.7742016,1160782421.929758,1283544775.6146061,1478702865.1103265,1189445520.098859,1157635197.3185759,1164352419.2526991,1267672921.9484684,621053340.3696437,1968250083.652119,1066183466.1829232,1287753240.1366873,779207642.9682777,1195867558.6826403,1333269058.4001622,1573616638.464334,926192873.8383515,1107110803.4017155,1680675083.1180987,1204908210.4219642,978182396.1253471,1172005573.8296247,1749493012.0296972,1857373938.70225,1133665524.5048075,677288913.7693747,1267275592.3996131,1258106074.7369456
10,1047691698.1295093,1086442995.6261628,904370931.0757782,908396948.0558641,493931386.85029584,566315331.805366,439452431.85856646,895578878.2121266,1257158261.0739598,939951670.0056803,0.0,339636809.7662833,740700334.9666955,1106785446.8873115,370176408.5010025,545014997.2043973,379417805.6533536,849376265.7014569,1197668952.9981563,759046304.5855285,859169685.1294824,740547588.6564432,1399609999.098947,1044686203.2234386,656874012.2604805,489543002.7673656,733869756.9494479,757172463.4022943,1003458127.1876085,359964311.33735067,998006981.5320293,421213241.15020746,1218736552.6530087,1093978770.5459242,342730709.7835271,1033872697.3837445,773730361.665907,700434700.4579468,566718569.717865,1162840212.2835147,646394702.6828249,525137496.4823256,532883405.64854205,777788882.2540953,615326915.8187273,508020500.77616906,497351829.1367781,1001685846.0513587,634318713.4665908,674540232.1589334,2554885207.386382,1132213429.8849938,623741878.3459823,1022565351.330269,2389094042.9767694,818904825.5336727,942284345.5573652,959479193.6295973,657436587.0993469,788558806.0743788,1078143332.3111093,1267408982.2407746,599707859.419813,550773768.0925565,453502354.324309,750281676.0945804,1262935199.6710246,518534615.4446664,1089758324.059409,1003378817.0124077,487113572.9313954,445542719.74048597,785397217.3605837,654590333.5707506,832511062.7906727,906528080.2119423,810646845.8365214,1242631121.0666285,727011681.9773606,348399214.0681582,649855708.0190401,582226009.3891646,732385403.974258,676420271.071927,726907440.971692,1021746700.1259228,1133080044.1053598,1108501176.9945016,797082198.2214601,811954733.312642,1021082658.0569482,968657605.9335177,632283709.7219642,719414731.9296783,631322909.5350202,803470258.3516964,852158001.0238535,1412648821.3589923,1102932796.4999983,1363252975.0380063,368368791.3556634,785468140.6654664,834610627.6484632,1074867748.3945425,492816586.4792467,512616971.6346986,1131096365.19476,765941635.0180186,479716749.73305213,509447120.5607269,1116769067.1194587,1263522088.1345942,1412004396.7082705,941226560.0887338,858929141.5822717,848276016.248457
11,944440907.7593222,969018656.571828,730677520.1633003,722254325.1442076,686355982.8867762,326432081.50984496,273024318.8641387,737048451.6160865,1324834030.3398829,957090165.1653525,339636809.7662833,0.0,651337955.636459,899766252.0367843,434589326.27123517,436592973.95857996,287611423.64303255,824400966.7167255,1108683075.6184464,657837199.3288575,725714922.0943968,672856572.849763,1488322371.4787831,921919809.829447,453292233.7872885,557870880.9247475,845850988.6944163,694196293.0686839,989613952.2430488,250926182.13744467,883318727.5545896,339942767.9295739,976740092.0571989,896464990.3655646,494649280.9408092,889820045.4085362,613467880.031905,475067186.6043346,398473601.4519935,1256065055.2260194,681170955.6525421,326801333.9990991,697323233.7877901,698224776.1809998,744827423.1939307,660759831.2729944,360154251.44560164,883043646.9882177,523115792.04070735,447074661.11811924,2653251698.7521453,1045741048.4576082,565384486.9511303,919416528.958747,2504074220.8746157,720208698.1737008,1059791983.0253612,803733906.1088889,385933385.7243314,692271450.7452061,882983137.1372548,1345357996.144015,700828691.3698748,571788680.08536,457870927.1832399,534403248.9522696,1367900424.2720995,388944443.86625683,1136924718.717413,847974319.2877363,312593017.7268982,254091581.30050308,600652316.621834,496485032.44376254,681945710.9913864,720677743.9572,854905237.2163197,1144079763.7500172,482407600.23467195,452602428.0377031,387568620.4804011,360489433.3708422,597933349.7511765,580749141.1751097,568513212.8898071,790059415.8379208,995486929.8127031,1150136220.1055164,658474674.2968702,635434311.1362886,838730384.4385169,847122993.6311117,440590530.6054795,551528804.7555507,473436562.95575124,590626744.4831811,771870520.9102299,1266218953.0900216,1092070915.7192237,1535583394.0605474,452144955.3994166,674446719.9893042,843757463.5580143,1011202446.4784298,265574661.72245708,614340166.360544,1049082752.8591628,556833098.4676876,309809778.0405465,669913956.2916188,1184986210.6630151,1131308454.2368157,1431452053.709066,1014050546.4556748,824235034.1815457,641939977.4528863
12,1513775520.648592,1485280027.29573,1103618538.885892,818881143.2837142,754535895.421408,667522641.2669512,453398656.98840326,1313486773.520095,833973829.1370195,1376641485.1363707,740700334.9666955,651337955.636459,0.0,933691417.2326295,793232406.7585615,502704183.1982661,579942355.238479,1373498716.471488,1658041176.5157807,377846475.1374869,1327602835.2888298,776917646.1210335,1097558453.1406507,1475329603.2475734,1014027554.3302921,888865177.1158873,542962609.0337838,867663320.1453195,605729432.3122829,714557203.5008693,1429062671.8238497,690341924.4336525,1410406350.3288422,1457542325.8138182,903972728.7174447,561662022.3186183,1047382531.2530049,654616225.1130922,988928306.5721306,1077595722.543286,530605721.0733217,611852414.8711094,886939924.4684247,1290951306.434722,693222688.3158586,500925780.2012788,471202952.0355502,1245196784.6738048,897481592.1468265,855818158.6203023,2289151378.1899676,1586054096.4467304,853015488.1305969,1459863081.7273214,1895806885.882429,1311156990.0307286,653646311.8245894,1384411068.8415637,914360974.4072844,1283637663.3014302,828387755.3899947,1413032258.9109707,476046237.351486,1137886447.9543626,440376767.6429524,1107754853.5973074,929068205.4206208,942344144.9844855,603659615.9159416,1419138176.1293118,916950387.7572407,839932861.4898367,1189197742.1150446,1080098702.6185062,1282856763.3864894,1316321175.715382,1388427680.1572537,1685893245.3157356,1056804573.6844406,823552592.0286252,975027555.1981703,690549459.8653656,1196440319.0518818,1150505904.9890993,1162544255.4127908,1344340218.6777081,488246753.50461817,990729697.4465184,1230709744.1830096,693487462.2661158,773343611.971448,1427029896.8394809,1044361735.2622747,1136179554.850287,1085708316.896727,658235272.6637293,1171374259.7723844,1854662528.5998533,832123766.7877042,1004102576.7056738,959107117.6258729,1269413072.9270163,1363446477.8432877,1526120392.4372497,689919859.2524552,1097574089.703201,1591045037.5953357,1144597532.948743,817944298.856348,601594656.1644862,677292721.7216443,1692544014.2467873,966772824.4838412,897335501.0983614,1337442232.874231,1231590998.595213
13,1530190553.6243804,1542215812.7354233,1091323003.4546652,892490821.5069461,1233334780.2536845,756657447.2697995,808134574.0825037,1223911806.454375,1432884744.923464,1492980168.2537713,1106785446.8873115,899766252.0367843,933691417.2326295,0.0,994956951.6112654,929749221.1588686,902049523.6029102,1407071224.3202143,1768047267.9397342,845819246.9143411,1241411048.0574985,902444640.1270882,1743934079.4454448,1452323788.0277812,939892305.3700589,814005785.3217404,1194260456.5307457,1293915879.5269184,836829939.2951336,1013241471.0456284,1438910113.7532406,903045714.2880124,1296090663.8066175,1453636471.2607186,1247765761.3595052,1138126719.3561788,900566147.3182032,893628067.2334374,969954566.5828266,1745742616.6345794,849736715.9804324,907936297.6757383,1364640724.3134062,1278004109.463177,1287758717.0184567,947644130.363564,844625549.6360617,1308899361.3552926,979677321.0580844,970952752.8204437,2109448485.8749473,1674093976.0483644,1142179733.5634139,1416258316.1622467,2344589497.0112967,1243572372.441814,1153195681.2974427,1293210917.7027364,960639801.8034302,1226918184.605904,592679113.2253709,856023344.5201796,1084737905.350616,1149913170.6310434,885512547.698943,1121408174.566095,1655225879.0299966,1132474158.5549238,961801794.119849,1259332240.0599957,960384058.61307,963438450.2215917,1184871383.699813,997420956.6249329,1161270913.7354414,1351783460.3666084,1475035144.3265553,1740811857.727034,1011041197.4519609,1200241114.3690836,1027695058.7601211,889273485.3391647,1166939743.8356733,1223037527.0385478,1090759422.178345,1168625456.256093,1072273590.0553507,1553844704.235529,1167587189.3560808,942703259.2374705,590127576.6769739,1518311648.8758368,1108713995.1323698,1112374813.6786342,1014854670.8321711,895055849.0898963,1505843084.679744,1825841337.9989977,1333734949.6732087,1559881448.5450425,1189491241.7130182,1229481450.5101433,1344429532.12324,1649302723.4398682,796324321.7219006,1377424654.927963,1629714706.4403944,1087161284.9211054,1033016126.4760197,813615960.6382313,1360787924.1627786,1775424696.4722657,1439169852.691329,1564828121.726093,1301864594.932245,1181109574.3413732
14,1169505831.3420477,1180322039.2195241,1030715134.2735839,798254712.8144283,580639025.4233074,455160871.0266404,567376127.8899301,955799492.2855619,1269449003.804704,812126628.2870469,370176408.5010025,434589326.27123517,793232406.7585615,994956951.6112654,0.0,608722044.113972,387907694.0551336,968068108.3319219,1387156331.8159916,819398524.3723634,915601263.4522724,652121541.9397206,1394987972.6774364,1101394663.3724632,694071528.9240192,460621239.08900416,704437757.2410767,974873806.9535732,1026767520.5454284,363163500.24048394,1083302788.0244732,279313651.51987255,1222946209.4424043,1146035868.0959728,454763705.80383503,1107008166.3960755,802776012.9673359,694077062.6990038,607919729.070841,1150543362.3249204,636376252.8370138,576691810.6023927,587982080.3702592,905116177.258573,730070509.8609768,499803087.2638616,592803349.402541,1187513120.836198,669210975.0309923,723360954.3864937,2424497231.02043,1280769483.8341224,506312121.6563899,1096443008.1589954,2332404528.841174,845019800.4905344,886177219.1906006,985544702.5303274,556903867.6144863,873345897.8258168,983446140.2403238,1279729485.8115554,614629796.9249644,620271403.2780827,470780762.370931,743447031.6698414,1226775862.9626694,633434205.1544914,1184764802.966639,977726500.2079614,524677323.81358874,441470569.4061387,852431636.9537652,648878463.9586422,855999091.638123,1066334993.1166655,876131436.8554276,1365637963.7477837,673694203.4390935,284881979.1079501,660091917.162242,597856337.2282851,844444696.7488831,785478855.2575837,747319214.3846124,938776731.7576444,1185154990.050879,1083143421.9607399,861399381.9000431,870283755.7316074,970430175.9859003,1154019554.7322156,733399656.228578,773974524.1350837,704913480.6659107,808016289.7880595,984422581.9513514,1535985436.8028696,1062748015.9208031,1302367097.2234933,406131097.2346345,802288427.9159081,842811852.2855018,1229307271.3566585,392992876.4070473,569711507.776192,1261350253.4454224,730715591.5055528,640571904.6137788,680260144.4457102,1152208102.241078,1404240305.5488122,1398409665.3861504,947932919.0728405,835996279.9334157,801472834.3502799
15,1082262355.215086,1145859373.601848,983406729.7407587,672532851.9595985,637082000.1082872,565600819.436209,271919662.1659812,914461172.634114,1133767862.4778209,1125036889.1350496,545014997.2043973,436592973.95857996,502704183.1982661,929749221.1588686,608722044.113972,0.0,449172507.7635266,1024373556.6622483,1367166320.9200969,498795864.02544135,980688388.1674473,926556338.2532543,1310180526.4530697,1177374300.672061,725677048.1246439,820951024.9092292,616874775.6698052,455442557.9089624,866165200.7857262,640458829.420723,1154400106.5785515,571316585.5211276,980941791.0361525,1059326899.1133579,730100710.902809,636501288.1604904,725702649.5540802,553105912.9817845,602582608.652257,1066399812.6713741,503022500.4571201,261941895.77553052,624483480.3395073,880138185.7504824,677945447.3494831,476313112.2882824,203683912.76022735,1057305718.7031667,576929912.751193,593853343.197414,2562133118.596294,1256662671.2593367,931667659.4551358,1170250455.43294,2013808584.9330254,998259930.3199623,952892982.0120168,983437646.2392741,475235109.95768297,899988596.5169622,1002651391.5270598,1497755283.0217981,660108855.2930152,909402778.5015324,398965917.9541759,813444459.8305669,1133539693.0484462,806146391.8201381,1019722399.9884515,1071611709.2853937,578485529.269799,492755108.5730734,827138449.5189273,725423799.80548,886491273.5446737,1020452809.6343114,1278806864.2113812,1319544032.4311864,639677703.9431807,581439176.577585,600782021.1931393,441156306.85518485,807700912.6249435,716948582.4397933,763487542.9675304,990590921.3304926,782183493.4172071,928637807.834166,853364182.2398672,528975235.8361977,747245897.8028146,1101958230.4455974,735413559.0263243,786998605.6765034,761368958.4781576,580705282.8131756,706245409.8212878,1438808824.4885862,1042710530.0990024,1296736424.8983302,855086635.8948247,923689803.6911619,1215884487.9152603,1255912704.8436499,307011233.6715799,998644438.9948211,1220922713.1890717,753579441.2687755,655055731.374769,766536054.0620368,1015833744.8896123,1372208757.9899862,1194231263.3630319,804515585.4034506,1196625360.3038373,912615144.5343143
16,1107285449.9394288,1098829676.6831641,767925147.1207241,746500633.1070671,545144657.5380452,301099064.67887455,387998847.4808259,868186208.8005222,1200023011.3361852,839571866.5869799,379417805.6533536,287611423.64303255,579942355.238479,902049523.6029102,387907694.0551336,449172507.7635266,0.0,971810273.818768,1332465760.3696635,652869701.4896508,952705624.194839,605917230.5700648,1349047470.5979764,1119600326.8232257,677586307.0611739,422565528.15442955,639752927.0832214,726514589.3662738,952525216.6615474,417714043.37963045,1069538930.0568018,396348330.8188615,1073732317.1697631,1061906681.8441358,555120408.21369,913763146.9449648,596695733.3749995,581725958.6550921,574274367.1067032,1207935394.572427,531325551.2251227,453940785.4984607,572923294.7214565,872225199.3873076,647013008.941466,483515834.30597657,475401236.34865695,920310352.0864775,523873387.20912814,496832050.51212615,2469445573.7252445,1221474093.4480653,523259017.4502348,1101158144.852511,2322488631.115453,912667644.1705637,934789715.5076202,955985388.8990891,519319908.5392994,860663467.0305223,905724594.0391245,1252604262.1693301,585517575.0421479,647456670.7776597,415806452.5947291,784351090.8787764,1196145246.7130349,581513046.6300949,1053714789.3179458,995195008.2408773,529987073.97664285,373454373.9343622,805061478.9338578,651269956.4650371,861643847.5904611,987003740.3001727,978642154.5843673,1299392288.233825,623118669.0901535,407204796.76948684,603214608.7539092,400046962.152207,773297857.7653204,710664478.6226147,737433151.4368405,958486172.6380969,1018377576.9014242,1016287832.3702883,824957923.7073214,664231609.4870872,823010161.943913,1094834625.0363605,681463138.5397327,758705343.0679959,708375847.5666023,679399248.3452023,795723315.8880166,1443883889.319961,964355223.2325504,1337783896.6511679,552039061.9619437,899571331.3178188,887274947.3427551,1176875651.8932076,386220249.6407623,699292678.9767865,1212550956.9278214,732555885.8964804,448324585.8433252,544933135.0939115,1010874576.7964846,1320809612.0267985,1295434631.1654902,922866219.5638263,874029939.2055509,884654963.4854916
17,206215076.22704047,303570494.31473583,607532762.9752314,861438558.9422797,1082850877.0937753,1001271599.8455296,1086971812.8798347,483280924.48711556,1685550515.7655528,1231095901.7726157,849376265.7014569,824400966.7167255,1373498716.471488,1407071224.3202143,968068108.3319219,1024373556.6622483,971810273.818768,0.0,424839963.11945045,1433300180.7924175,385606750.60452604,928081477.0475907,1958691681.37162,337846649.18307847,622207275.5802566,859064831.0787417,1461398816.5055952,733252436.5629326,1765366939.9838948,907561240.899411,296563193.35756135,1006133653.8770759,644241792.5970297,294541061.9271773,662572554.021991,1400815467.7984786,592942957.4837599,1003311680.3473638,584771015.0415806,1697775426.9243066,1400483150.8069463,917388920.5423328,1112098792.2832563,200483048.26882496,1254642409.3470793,1219920879.538908,1116043179.654367,296318993.6962631,704291172.1030861,739595433.1389513,3212670873.8398676,287539910.2681835,878763959.6257964,384228288.38546556,2980225303.6014614,329505662.43538827,1466452233.8767548,362556001.0297701,600292308.0996665,330121569.04731154,1526382427.3354568,1322058443.9889739,1187999429.7946675,498812322.1559491,1199829036.4226172,529237238.5142847,1873916899.9754858,557261187.7896675,1689117234.467056,714061498.7505457,689275133.0587367,704627045.389514,403249302.01825845,511985234.5908981,387880580.34352213,448736363.4000272,451781457.8393385,382029592.4185551,479508080.9870358,881620459.3547705,581670794.2202269,884480359.918757,390657677.72783715,414078457.4566332,408231308.10798407,578582124.7426506,1708878898.8926873,1605529657.0888083,389905317.4869231,1109507484.5900517,1236246882.8547766,310087147.00712824,513666974.2455244,435796825.0385883,518353673.5500685,1199670055.0883288,1323700993.8095348,498321806.98149997,1498493935.5212395,2038220720.9742868,619838745.1681796,384301988.8654253,663741027.9206811,313202942.4380622,898497050.3671745,675368767.2557709,314405108.9595489,449644808.0675848,648801883.1126231,1189140184.8136275,1884605429.81046,451297205.6929349,1913048924.9430225,1459539456.982635,559334687.365839,452214352.4011339
